4.419399547576904,900.254581066966
3.4744713697955008,890.3102836297254
2.6867460331151958,880.3290714567274
2.0255527304718273,870.3481507825469
1.4828545018578732,860.3738450125846
1.0558631396293636,850.3878656267375
0.7464787516096836,840.3950502316866
0.558412841444442,830.386159828789
0.4976956407306714,820.3789979039218
0.5713420655624937,810.3808376741102
0.7880832241728055,800.3881575595751
1.15894969954621,790.3959562693494
1.6963824529247353,780.420397360364
2.417604467681958,770.4403845368187
3.340523103140294,760.479901488343
4.487603603659008,750.5475784516963
5.885972900390625,740.6550853347778
7.573929712992976,730.7899048905904
9.590183105863908,720.995520010375
11.990904308200697,711.2845397991567
14.777907090128753,701.6889810011294
17.717604157086463,692.1295994803403
20.820613306313753,682.6253742068261
24.168609551247208,673.1999790041242
27.877706431450495,663.9167129003392
32.124539313921524,654.8666659426857
37.13488500903914,646.2186363216213
43.115057368427514,638.2108792325109
50.08470865399431,631.0526378904273
57.82533370574034,624.7294901664687
66.0441546750805,619.0139378946483
74.48214437453234,613.6665118524137
83.03753383263411,608.4718217563925
91.60694876930957,603.3282951957685
100.16552125149538,598.1591251571845
108.80777604445525,593.1084864529798
117.58154685647169,588.3146629317612
126.47146571478318,583.7328351559597
135.44351291941663,579.3424788582921
144.5053594474879,575.1121475150023
153.64003229138387,571.0296644947185
162.82406792218967,567.0900020646362
172.0749432037332,563.2744854831275
181.35923090181603,559.5890540812985
190.70291278546156,556.018642822936
200.08586139947175,552.5695141604543
209.5233239744815,549.2379857766031
218.9954682173281,546.0371373050476
228.51560424804688,542.9743542480469
238.0765807503234,540.0734434136433
247.71438370727375,537.3635933314889
257.4156700024009,534.9300275620818
267.20763543241486,532.9786837718478
277.17404003143315,532.2728055953979
287.07240238390864,533.4264506378024
295.8865233204607,538.0228545926605
302.98244721889495,545.0382697820663
309.2552493913115,552.8354213543846
315.24453141748904,560.8528798872233
321.1541783689221,568.913233054102
327.18906684165825,576.8711733575166
333.4836157121765,584.6395318661072
339.9780749439079,592.2647660205022
346.6134222326076,599.7414452505694
353.38293700085796,607.0962893747571
360.27813982281896,614.3352928596221
367.2958226091601,621.4571753875912
374.44033119201663,628.4567767333984
381.71379541190197,635.3142232243557
389.1470028802639,642.0193842396303
396.74017395342787,648.5082056282391
404.5650846776823,654.7308968319069
412.71197052910196,660.5422615901963
421.36052728554466,665.5511687113158
430.2419346495502,670.0965884913744
435.1963628841796,678.3354132610222
433.52284520973046,688.1593065842508
431.8154570188001,697.9990921189915
432.08170316515026,707.9798967568634
433.95531838609327,717.8050543155749
435.5552427858126,727.6630609360349
436.06049200602814,737.6397878296021
434.54558902002873,747.5147794459015
431.53957314527173,757.047789398083
428.4519051077484,766.548388614523
428.3087463517732,776.513596843254
429.8798165015936,786.3792282523751
432.11507044158975,796.1274625592771
434.5337794607878,805.8392040508986
436.8253778563769,815.5633653394493
438.7320231383658,825.38376161582
439.9536640944332,835.2954152806849
440.11656941764636,845.3044910770434
438.7397537592759,855.1787193483506
435.3696545712433,864.5777535119544
431.4344027473445,873.7715440131743
427.785786532729,883.0729998612748
424.4299428354949,892.4950284984709
421.39169031358324,902.0333649284021
418.72963159382346,911.6616337847711
417.37138387357345,914.1490934463054
417.58959919255227,904.1664446987398
417.866758075757,894.1579803387424
418.1994912147522,884.1691281032563
418.5920548004524,874.1713175748366
419.05053704866725,864.181719551553
419.5852218605747,854.198723437241
420.211087982473,844.2249356019568
420.9526697318681,834.239709939124
421.8437189140828,824.2840674680949
422.95000135203384,814.3446683506663
424.30117270313525,804.4416873055792
425.7314201449309,794.5434061609997
427.0816948971641,784.6329545732108
428.09797528817086,774.6833982284243
428.4286689767055,764.6870553443606
427.72367890711644,754.7315786605238
425.8122653119266,744.9096708334425
422.80247336527333,735.3888867561636
418.92664012844466,726.1688491320549
414.3734428894333,717.2786842418183
408.95295183062933,708.8682502484507
402.4285138129629,701.2988487501349
394.9737312836945,694.6591425120085
387.45564596740525,688.0560294922163
380.79749066988035,680.6042971364216
375.18830023196364,672.3267148648154
369.7519838937161,663.9340858142256
364.12897336672535,655.6800500744357
358.4053558503077,647.4787144493804
352.62510610576015,639.320853586741
346.80043785002647,631.1888363145958
340.94954410261977,623.0883390951489
335.0618254511256,614.9926423375379
329.1638530279491,606.9305106295946
323.2306404527094,598.8628914854514
317.28447871542113,590.8173969097509
311.33210428818245,582.8020863216999
305.3427406724585,574.7768874824907
299.34017514200997,566.778386630572
293.3180553208397,558.8092581344653
287.2453114783273,550.8601439623526
281.09424484727907,542.9814870920777
282.2911545105465,534.3925328716637
285.61734084969186,525.3123429622269
283.15347166061406,515.6807882165909
277.785409952961,507.25368022088907
273.08192358586416,498.4350421016427
268.9302101088688,489.3324617710804
265.31262746266435,480.00781950738997
262.2263465936109,470.50335828376456
259.668359375,460.8304101562501
257.64874548911996,451.0317628407836
256.15124932409856,441.1527564837076
254.96864125338763,431.2178753981129
254.05185424546337,421.2592612917588
253.38006606487562,411.3003522883729
252.89083546875045,401.30809698272503
252.44467998979616,391.3100338141993
251.71622042762118,381.33734799843285
249.94176170816883,371.5187086538738
245.76207933454313,362.4781613569253
240.4647087237612,353.99208946858533
244.25057458307597,347.2872166174185
254.12205413997177,347.5371941494942
263.50818881627526,350.9259352818365
272.68089239879515,354.916897273995
281.9541208037862,358.68074930293955
291.4796501910379,361.68118594626947
301.33450721479085,363.3394662596973
311.30916833208704,364.1312188769279
321.3008110922057,364.3506238899379
331.2905310435227,363.9552583204456
330.6143722269312,361.8184707233403
320.80475651205643,359.90129447884976
311.718868264556,355.7918628066778
303.45148269599656,350.1762091809826
295.14940172676773,344.599247772025
286.3895611686138,339.7713956256336
277.9439591149195,334.4414707535855
270.59771042112266,327.6794379162975
265.5390079796082,319.1404692940298
269.05054969398776,310.7607469552686
278.8291747648596,309.1634810266539
288.1573468948109,312.3851803111088
295.0176901789156,319.5836037410227
300.1150318720937,328.1719622827321
304.8086996602541,337.0127612825226
310.3855574557186,345.2960567151756
318.45612329783967,350.9958634306817
328.04827090680607,353.7436078095436
337.92888600801126,355.2694317184017
347.9196049474832,355.64420450959364
344.59472400289616,352.73042192197875
335.551685231724,348.47010549439045
326.66727578593304,343.86323895713787
318.0376589596806,338.83882429319266
309.79162638424333,333.1944234047709
302.3833625728638,326.501564911306
297.9881741535234,317.7195525216359
302.7350914959584,309.3291490608217
311.9140549302824,306.01608269246884
321.534863907385,308.52326184153515
330.5654038647866,312.83945350965377
339.42388822003977,317.4602738684289
348.3421740429852,321.96458216776307
357.4205301200809,326.1959703860467
366.63174014446827,330.0584235277705
375.9962438291657,333.55999622573916
385.4174456525125,336.94008137685364
394.858330537477,340.22173611579643
404.3485973353718,343.3559681954325
413.9157867506803,346.2692519856886
423.58301644776725,348.84793557707695
433.3558806238907,350.908247221238
443.2744473135473,352.1483331656456
453.2764891946503,351.9924758071826
462.88638318979577,349.40851388152174
470.8532649479028,343.484182033405
476.5423655966391,335.29472897042524
480.07205718408073,325.9565453474965
481.8369831664117,316.1159381503612
483.1437877313422,313.0443847171311
483.58860795464375,322.9700459418912
479.16029943864805,331.7636574975495
470.663233365859,336.8632344038471
460.89181915402423,338.8382723544164
450.8930155003072,339.403563740638
440.9196821320058,338.88228847774076
431.0741138088705,337.1370485762738
421.5753405201436,334.0728767474814
412.6108033037186,329.6456993189618
404.42892474293717,323.92472877139153
397.1874628448487,317.03369481995713
390.7820328922233,309.3673240054295
385.71787570871425,300.79840304859
389.0883736797516,292.1104844393303
397.07942843091683,286.1096024945473
405.68949383795274,281.05800444901
415.3673908941728,279.0362755563763
423.7005550490553,284.0062270451175
426.46286910396077,293.4785474164599
426.4305537140044,303.4683804696729
429.848109022677,312.510800382048
439.35872218152286,314.9544374695373
449.36905253505347,315.1343585596549
459.35997982123877,315.1437646814588
465.51474993391673,314.16599155382494
456.5601580228681,309.7061308620103
448.45049659847064,303.90314413548697
444.63774420676765,295.1934055048415
450.8922256009561,287.5305433269591
456.74150435259014,279.41939916899554
462.4222334116699,271.1802841711046
470.0311233262032,265.01165334400736
478.1013681041544,269.90885979302243
482.8924861294673,278.6866097509327
486.5349528858013,287.983476576192
489.0857145407052,297.6403484006227
491.2255597946805,307.40789850093205
498.71364746310763,312.8075807426685
508.3959808402429,315.0878029576015
516.5187959219796,320.82655601026505
522.7644150236379,328.61185333499935
527.5577300053858,337.38107695859554
531.3270376576446,346.628534503805
534.4133253757494,356.13739327924
537.0489421490712,365.7966957710523
539.4082417033776,375.50876543639595
541.692211994152,385.2452411424424
544.1411343683114,394.93990550183867
547.1173040676117,404.4754971837999
551.1723911093864,413.62441529138374
556.0686208567769,422.31985850729063
562.3324638934121,419.93600510826
564.7438752292179,410.2334805523815
566.5827818923899,400.4090886697384
566.374950868292,390.42303119191916
564.7592287149057,380.5688959197852
560.6157896801365,371.67249100052766
559.6771234113725,364.73259413383914
564.641897184651,356.07462027915534
569.5013995598816,347.34369619345307
578.5075988469832,344.9039600422793
588.2932762114519,346.9421557876376
591.4037920609467,339.54426143596777
589.05463192411,329.8246654814029
589.4297649202409,319.99825670819985
595.477545394989,312.1987606898226
604.4446676925943,307.9411644242239
614.2785671729921,308.2350094592467
618.0776766419413,316.2634794676305
612.5280261446909,324.54965495439257
610.170081202169,334.20673879656255
609.2699471765535,344.1597668452609
607.8070216835931,354.06570023098516
606.0169115125389,363.90486656516805
604.0326874660441,373.6978540263332
601.947235977505,383.47655004748214
599.8755630493165,393.26211059570323
597.711898625372,403.02271919422793
593.4975829359145,412.04143594391655
586.254054880431,418.8019789075573
576.6893126960938,421.4728457115685
567.1510748803535,424.2851540556749
559.8509621103212,430.8916326228169
559.2353270592134,440.62725652304954
558.9308606358618,450.6063589707019
557.7728384652523,460.5319625913871
556.6941417354101,470.48197527228405
556.3003537978476,480.473451665654
558.2140759507566,490.19810584157716
566.801418989431,493.8053468959593
573.6290660083293,486.9825956189634
580.4685516357422,479.91003845214857
590.1710858675092,477.66065641649084
599.0819231716544,476.2118814622612
590.4539221050218,471.21088262413645
582.2179628488423,465.632385640666
584.4986877247692,456.6812579797955
591.2715709383414,449.4335603572709
599.9207494370268,445.9629774651957
599.5761278362153,436.0153732708761
596.899734397526,426.3772809045961
594.2467787851022,416.7631572411677
600.6588184882934,411.64701922961876
610.5377760026605,413.15409140288847
620.4366740670521,412.11000788770633
629.8614646895292,408.7814422870953
638.5733482184785,403.9004392820132
644.1554020309449,401.244199371338
634.8590650389996,402.509005634077
625.5452415200347,398.8751677905956
627.6921018013917,393.9188140784205
635.9446530242308,388.3013031106886
643.1628688778367,381.415065331621
649.4733111432392,373.66423839549896
654.4011876319057,364.9720201160912
657.0848359590385,355.3810841914885
656.4210081970424,345.4573500769249
652.7296348430485,336.1764049258911
648.3567129182816,327.19954929828657
652.5002554025455,333.47503159638154
655.5453751698137,342.9689339011164
656.0144714912446,352.89924656908386
649.3970848991116,359.3474879534462
639.5676060831546,357.8523553311826
630.8712109375,353.09691406250005
628.7774602508545,343.85229927062994
634.2075688976445,335.5633377737122
641.7136799325608,328.9798527141755
643.0537422551214,320.77187318943453
634.9372839355467,315.37109375000006
632.615958299823,308.81065985113395
639.189222083966,301.28203160417627
646.5788792079582,294.547017926447
653.5590218716859,287.45295012533677
646.1709896990656,283.5581760875137
636.5441026306152,283.7924382400514
631.5711256268411,275.1864100395458
629.4546206979453,265.5082539277525
632.6703847030363,256.14862578577373
638.2022188630142,247.82371235155512
642.545016647256,238.8422055111326
645.3201148841297,229.24051532246764
646.4086682453751,219.32043428443382
644.4052256591245,209.6150209200104
636.8816258459888,208.29675223249953
632.0170942513967,217.00936047660662
627.0375540958646,225.64472628291708
621.1734506225586,220.6630340576173
619.2746409974899,210.8623122381979
619.6912620269495,200.8812751178794
618.8546561743225,190.9683399349266
615.2237565628823,181.67689535867203
609.8237266969679,173.25619116783156
617.1869513004273,169.38286966212104
627.1196027971233,170.25609258866996
631.1736166381835,165.78556549072277
627.2625645100418,156.6251145285276
620.1540091172756,151.6829083211104
616.9629701278917,145.35782521783386
618.2910443224571,135.58037500607793
613.2278646258043,127.1496156988073
604.1819480741489,123.21780331497092
594.2188052934407,123.34836919724953
591.5420585941895,124.87864323653294
601.4543124470998,126.05182150394668
609.4171088848634,131.2119809097798
604.0357214988778,139.0096081443784
594.3028801661728,140.30226579189315
585.5441856480866,135.8138827507106
582.1893099737002,126.71072681915027
584.7257220195047,117.10839158445607
583.3519683479702,108.53765974491847
575.2061083984373,102.73886962890637
566.8067133901453,97.34133364073014
559.9220897752115,90.09674314012881
554.3331799355612,81.85423618868006
549.0735220722374,73.7953650776857
539.3843414007044,71.42137325588394
529.4646202679256,70.21314943322926
519.4792427835146,69.39088747480898
509.5927645720598,68.00190550648388
500.24919000144916,64.55297677299254
492.5766864085195,58.189425970316066
483.5923088765142,54.60005832076086
473.62269843587285,55.32116491696345
463.8291449653355,53.87368531674161
455.62351827484656,48.159121743184656
447.0878480507525,42.98028683279305
438.5253385830576,37.81480162913342
430.76374788761115,31.550266728997364
432.2700998762155,23.891459815738624
441.87133398286045,21.133504385510594
451.4753173848158,18.382960309087203
461.4053992246637,18.046246647044455
469.75366379360304,23.219342271540217
475.2633142723886,31.537707927823206
480.39356989927575,31.613967050910134
475.5951014500855,22.90779740810408
468.46660491362195,15.928141806664781
459.7724049317835,11.175904880212757
450.1135517120359,12.946458943486352
440.8358460903165,16.673987095728656
431.2604636232227,19.478568065550785
422.0157428636028,23.32986471297233
412.621604577787,26.634535493422437
403.0229149581443,24.77740861621466
397.29499204330364,16.8678551386042
394.31720225311096,7.305694907980643
387.7252286752497,0.5586830923148871
378.25237957260777,3.2931053601975067
369.8598119486599,8.722421309400952
361.7541573364565,14.586447983067623
353.93315503988504,20.802716173187505
346.9183112471641,27.91393324920922
347.8011204129455,36.14678370594992
357.4207589721677,36.70678050994888
361.5083224815128,27.81642945610001
368.5813301031196,22.89562321558958
377.508145708289,27.323445627726755
383.99553514466595,34.683740417063376
379.0975386095324,42.32917826622739
369.34872335433937,44.23871875192984
359.4491247558591,42.98739187240614
349.81369363307925,40.3690437666561
340.18556976318337,37.59961073160186
330.41828289411944,35.568878006711735
320.4409590776995,35.000528353584365
310.52181635447755,36.172404472893234
301.46942700020946,40.21097560651614
298.76270523071264,49.350022697448864
293.54763981159755,57.60467367527089
284.4831951621219,61.61236006295671
274.5269299316404,62.203234558105606
264.9208059571169,64.82437659086557
257.2499473688377,71.03278868074544
252.82117015702744,79.57752361689592
246.30580067408252,87.13849731485374
245.1534754562469,96.30569874308087
254.04381767272926,100.61092792511002
263.7661948451141,102.86570646569962
273.6778494617225,104.26844393217135
283.6522211732527,104.83361937933617
293.63234597697834,104.30773330532028
303.3167257785236,101.9361838742999
310.86013653894867,95.69666423612288
311.77129839250796,85.87205440966427
311.2738092708585,75.88910603523269
311.6750568242928,71.98952874146416
309.93095037892436,81.57491574108616
301.47858210394133,86.43969230808332
291.5073694406197,86.83996749428712
281.52081917086184,86.30361726772944
271.5315730163453,85.73812948130086
270.7442576464962,82.09606728776723
276.3556391143796,77.2324636507036
266.4229868829061,76.929279572674
256.63531011700604,78.84841203756646
247.23841446021544,82.3009195203487
238.59758170438207,87.289212349944
231.1341552480564,93.89976939468937
225.2383454731861,101.94423873908252
219.39287832422227,110.06287198688487
212.94008465926953,117.69416451175364
208.00474422514412,126.13163676917569
207.74500240325898,136.13155586242692
208.73363562587738,146.0671737073154
205.93032683030674,154.71141862763108
196.04810417730434,155.88592691547282
186.14439167552368,154.75504959202155
176.58591059959318,151.81978065925287
167.29423798560836,148.13866651898036
163.79062189091667,150.64812565925314
170.31896830618354,158.16729541122928
177.17792137645162,165.42301917187885
184.29097101588707,172.46845698752455
191.66968291562955,179.22365581900831
197.90546513385112,183.51105512532422
190.7994543569998,176.56431052643825
183.85006834444562,169.37839481789638
185.44042250852075,165.42707412671317
193.68492326141313,170.81462240859884
196.83865337394155,180.07058780789396
194.51091329406808,189.73601983169112
186.392833302831,192.69315987034716
177.41488635997263,196.87319203468988
170.68550595581507,204.21512014210242
165.93527241005285,212.99030199408543
162.57065526634648,222.40675918142443
160.0495074469447,232.07637513069105
158.5520162265866,241.9608128790431
159.08102241410847,251.91569661803558
163.52329490874868,260.72858019970374
171.64017116251375,266.47279145278054
179.96395774841284,271.6372311019899
173.17359046663364,265.43316885913856
170.61623993710617,255.8277350774125
170.06399873216904,245.83681141730025
168.9518573188779,235.8945330095293
167.69699685830597,225.99272152979876
170.95340856427765,216.9171422930122
179.63831696980606,212.09084566147084
189.29704550975254,209.56372325610548
199.2614665117776,209.32265027616307
208.40644715425532,212.87050434176825
204.50875658005725,220.689636734485
195.2758587719579,224.40916277654955
185.33129093123688,225.14793807711004
185.1739725259363,231.68841134104775
186.47714933991583,241.5318081530355
185.27877187661335,251.45109977481087
182.92762570807974,261.1688630014338
179.76887003969318,270.65240241583814
175.8462081534087,279.8391139289354
170.7730153131017,288.441913867593
163.1516067040709,294.7858020544054
162.61660653638629,303.21009683668626
167.2755434666234,312.05061394857137
167.13723501716714,321.76958277010374
165.28257021427132,331.45587337970744
167.94553547382333,341.0682152318956
172.07090520067698,350.174854445028
177.37671346269525,358.635611003712
175.11971267536256,351.6346264188738
172.2498414495515,342.0692871203822
170.67773275887566,332.20063167394153
173.61111795321312,323.07954587924655
179.8703521540619,315.49003009363446
184.32879899114343,307.02735797204093
186.92214544634774,316.64131435433535
188.17808815823145,326.5715282759456
188.44016062178767,336.5633021466064
188.07560357157553,346.55391098363845
188.02420874997247,356.55539886078924
190.35865437318773,366.19746989039834
196.76978325261706,373.758362083044
205.58901216347326,378.3826446179139
215.33244415893543,380.56920607270456
225.30250558815985,380.5203018889694
234.07266785681216,376.15439621366573
241.44247682967196,369.39498173219744
244.63086264051466,360.72283741750766
235.1013867187497,358.75189697265637
225.13013365216423,359.66731928788346
215.15607970526992,360.09364950614764
206.901304718265,356.82522294281057
215.87676518352671,353.28466322995735
225.81982882142037,354.20380920887004
233.38150370137737,353.4572809962184
224.5784701787398,348.6405339496118
217.55809839449793,341.72698227383205
216.32407720214655,331.98427970455043
220.1001092813312,322.7882640590089
226.86474297143488,315.48391864024114
235.86742433757607,311.37383870266274
245.7812109374997,310.8367187500001
248.74686671337082,301.9869881065377
248.19177092419906,292.0083624715173
248.193646521717,282.005030950755
249.0565830778816,272.0493014293072
250.2645740799984,262.11190168095874
251.71206046486472,252.21899247634235
253.5838893815956,242.4047871900898
256.14805767747805,232.7387611946313
259.8470581278016,223.45235380329203
265.4562854416782,215.23018735802742
273.82439427882775,209.9484304001172
283.45679910070925,207.32036760245225
292.96094934472785,204.22157081248247
301.24723694906305,207.5065569269076
303.62837552765586,217.18993481288558
305.28938344627824,227.05723027869954
307.18143639539574,236.87819121850083
309.62002289414374,246.5815125244857
313.0032901370683,255.9717678280096
318.10931939437955,264.5385685094447
326.164028691705,270.1967803480943
336.1161755041775,270.6873870851101
345.98800882935495,269.20559040904055
355.6522716234229,266.6343476654366
365.0855882087906,263.3071800139734
372.9329707777498,259.41544590458284
363.6115976869615,255.8103298845024
354.61192443862535,251.44439859187239
346.22807452732667,246.01794433766753
339.5606262843331,238.6574523693007
339.32103181528134,229.07675631956528
346.01617210394124,221.7429616928141
353.9951579888162,215.73714734219024
362.5337800500065,210.5221931353601
371.23366378903364,205.59634636342537
370.03948881229354,198.6290270630737
361.32616202356155,193.734850748377
352.7852244607485,188.518312100554
343.9318491481696,183.8719605502208
334.3989109322182,180.98360324748802
324.55205516763004,181.93632919490346
316.2300808255634,187.38406555906894
308.92195743028043,194.21605430622597
302.8793918815253,188.7098227543385
298.78078761413207,179.58638461149658
294.7949016086762,170.41626931691422
291.08833616269976,161.13325579198016
286.35887299060795,152.36570622921005
277.86942651487976,147.6922398033867
268.04039299544036,149.22530370531032
258.78096885177365,152.97219601225046
249.95953846922436,157.6784553532541
241.6444509422261,163.22550605279503
233.93811044277274,169.60172038861984
227.05239495780495,176.8397541498113
221.40390298438317,185.06940700688338
218.09399095312432,194.45164050395962
219.9489072187172,204.0510139392748
226.10982510371105,211.85822861769248
222.09419129574877,207.0005588265032
227.17842029672786,198.56160003551875
235.28573114958215,192.80294795418754
245.01543160066916,190.80024221093404
254.82269060849188,192.5027924056259
264.11601466578406,196.19561245230037
272.5871796286849,201.14665311701606
270.52030845539036,210.7625485820825
268.4036445386998,220.5293065936645
267.98396616352767,230.5012492366004
268.9057867169552,240.46301086677136
270.8155794984436,250.28489238799662
273.7415324054308,259.8362921651131
278.12605193306666,268.80384989837194
284.1828336165621,276.7262605958736
291.8801373646405,283.0682623811068
300.8406315984997,287.47298979741623
310.5194617320746,289.9495440543002
320.47386475932336,290.7673815722494
330.4588430599831,290.2411521738699
340.32656794692366,288.64164948842495
350.0978024378627,286.5568535845921
359.7730961483714,283.99838182866586
369.1902303510622,280.6813594415878
378.09275800764533,276.1481903201343
385.7598089999424,269.7604762060289
390.9230780754131,261.25689561253915
395.07563314835517,252.1579141633144
402.69477648057017,248.57220095371838
410.54353567123394,254.7033329343797
418.03127436131217,261.33383131943657
423.32668475887243,256.50803742474073
422.5712905046342,246.53447722591469
420.4023757942885,236.78152625552843
417.5058119087291,227.2025231683907
421.6785810205338,220.59807575859142
431.0370665254162,223.57595383138408
438.6126032129672,230.04067593820406
448.388292441816,230.98974912095477
457.1114747463909,226.76458970449877
462.27896217457,224.4173627158535
470.96314716041064,229.32913393855108
479.62762240059067,234.30252673690921
487.9587499999997,239.82750000000013
494.8368605363646,247.03644562719404
498.9186405038831,256.05216406822217
490.4257553473206,255.63660624807716
484.4268460452938,247.90011258252676
487.0750138209653,238.6692010847597
494.99436003158434,232.66753813013213
503.95823233621053,228.23016324359355
512.6921473695116,223.36171355663765
520.9780762728756,217.7640014931037
529.3512850866185,212.54032680490064
538.5330865899472,216.2286496730895
542.751386094837,211.81231426241004
535.1234571697281,205.51708674456006
525.5971557412818,202.65898849167291
515.6188625886895,202.32342880747876
505.66577148437483,203.25759521484386
495.77614100154,204.76652234225432
485.85078681639845,205.97987484244524
479.91953200309047,200.65146761722525
484.40303234248154,191.75490406378853
489.9463314173217,183.42965248486738
495.76116943359347,175.29187011718764
501.45247861271974,167.07497936857732
504.3561491567639,157.98477443233145
494.72647115834036,158.1408003160638
485.6681820819618,162.33060069037035
477.28557089756225,167.7945539529448
468.83460693359353,173.1046340942384
462.4777820854911,168.90236364536116
463.35157898971227,158.9575911860872
465.82193561600224,149.2753290784359
469.01023013785584,139.7914639550763
471.40365090367476,130.10304250600177
467.27139804104434,121.68586599589685
457.68451199987885,119.00174262985598
448.1213245680917,116.11682739337682
438.8691789538598,112.34479269251237
429.13796415925003,110.29374678611767
419.4418721714544,112.48956694288191
410.66729327299146,117.23442798097976
402.09484341382955,122.4125391393901
393.3074987152944,127.1671514947456
383.79881611555794,129.39886652566503
383.50911584887166,120.15811673100698
387.4447237765973,110.97663679011175
392.1380615226017,102.14159454836637
397.0452103816986,93.43506911718879
401.51421421421935,84.49228177948982
400.51448461339555,75.70382189112726
390.6669983920316,76.429369019768
381.3997530633931,80.10453856967635
373.7127203228113,86.44144135067482
366.7888092766514,93.60445431845272
357.16949821591356,95.27735740542423
347.5790873208722,92.53394175108416
338.5833520588754,88.19909594113133
330.2633730048982,82.6534745048018
322.62221968037056,76.20408291746872
320.9548531529077,77.97101796811849
324.93074372434717,86.99534261998323
327.5059481847947,96.64791056967815
329.39091028173885,106.47550264006084
331.22481832605865,116.2958570700425
333.63720511615253,126.00659035921107
337.4864266137695,135.20813445038638
343.981160111845,142.72746558256924
353.03856249962905,146.82882601926113
362.61615153762597,149.720155616908
372.2444396545735,152.40665531203163
379.47240312299664,157.039032888841
369.9426892030574,159.8636982404372
360.0370386505125,161.43929844491194
350.07521793484665,162.24390878253874
340.0693259859082,162.13492889575323
330.1519918167589,160.97492627525176
320.43105560779543,158.62648621238665
311.12674638867355,154.99372811087056
302.4545538151262,150.03886361401206
294.6363116645811,143.8131625316945
287.25005882373995,137.07008488876758
279.59622479392385,130.6329343959356
271.45033256558565,124.86003846462597
262.3586581752133,120.76343942829652
253.04659292878446,122.77427565220523
252.15258294363488,130.3189815337585
261.9038031825014,128.22800589506994
271.70498272155055,126.17861054534046
281.6681520389235,125.52324185037241
291.5024378142671,127.1365001528927
300.38414108521863,131.63257423063288
307.6526029863334,138.46102220649263
313.91878668133035,146.2612190249645
319.0351871488148,154.82962077512417
324.1011913165914,163.44385069814524
331.9424149008757,169.47190304877364
341.48858943283534,172.42454554379
351.2798672722403,174.371215512044
361.0956765202244,176.3383572618106
370.9188051701827,178.15666481160076
380.8229816830156,179.5939351165296
390.79659182548266,180.16314398648464
400.52920328336046,178.28441647793875
405.1048455100237,169.97342533154776
409.040012564929,161.72484526201163
416.3740475548068,168.38428098871734
422.58077427239687,176.21086412683636
428.15330415403446,184.51305695744247
433.95916287576756,192.6483065769264
442.8916088692655,194.78205364281325
450.38491796952644,188.3049445410633
452.0254416275022,178.70447502136244
460.7625019486165,177.12896929710882
470.572990668792,179.02292194950365
480.2712982684371,181.42458128511916
489.96173726008124,183.9374372264306
499.69058024881735,186.20335587516323
509.5592953442093,187.76859344805717
519.5352441025979,187.63678775498147
528.2490473281229,183.18452635001984
531.5587590128926,173.89836846761415
531.7382352612444,163.91331335266136
531.4553584804383,153.95823721028876
539.5572471218464,149.28812163978785
549.5439984680784,148.97995881429142
559.5317116650099,149.21176639899625
569.5474694342851,149.23537973752258
579.541082490149,149.26811749931204
589.5229898282173,149.90675015931959
599.0403999978301,152.73541455268872
605.8363471549748,159.86029685020458
610.2862255278135,168.81074934489106
616.2469619674232,176.82055527575326
611.2594433289764,178.93028511345398
601.6582605358977,176.29640758925012
591.9137733254591,174.00641660698702
582.0329207758008,172.49079103615028
572.0659748186914,171.8846396511794
562.145342925753,172.9003647690547
558.0913522418691,179.8888266988193
565.4655782880787,186.56114137530687
573.9030795913861,191.93406293480595
582.4766994049492,197.06269626212315
591.175437233754,201.9864051268472
599.9679359301211,206.77886110387638
608.6188984845483,211.76929099406124
606.8091859615286,217.39630152161635
597.3793583251836,220.7385457551399
587.9283801328513,224.0239909474039
578.5384041890484,227.42364219982366
569.218806882221,231.03748490137056
560.0151837659712,234.96009586009592
551.0087300366322,239.32435192469953
542.3778494424007,244.3499998885241
534.5297303449852,250.5218818608074
529.2090809943167,258.8371361888319
531.3668025929032,268.2580420746794
538.654798628548,275.0729876724538
546.4786567773433,281.2850673017199
554.5407341461383,287.20966066657553
562.9810233145301,292.54817520947273
572.093003771873,296.64422702844263
581.9363051875249,298.0673920212778
591.6770355211579,296.01032789892406
600.8880909107809,292.1020285991021
610.5193677989088,289.51199004507396
620.4862024232159,289.3443439205341
629.8755009676513,292.5573697246612
632.9368030166625,299.9795250701905
623.0597954924787,298.4877475000523
613.0799501129575,298.8049816326495
603.2965891264528,300.8308983701539
595.1454319206623,306.2339565625788
590.8392193132036,315.22074546836507
587.370585167119,324.5900811028854
579.1010717773435,326.84870117187506
571.5084166727505,320.40296167018425
564.9381273745743,312.86527553223084
559.2018776674154,304.67034481483535
554.275187867478,295.9745380839276
549.9998332822228,286.9479245062453
546.1896598269966,277.6978867524441
542.6402851527729,268.34314048126697
539.0491650797552,259.0118017595809
534.7828146362302,249.97253753662116
527.8138548575001,243.11401492413955
518.5604925446854,245.71759936777403
509.87155002474753,248.25529321610935
509.29116308551016,238.3676440400433
509.05269119873606,228.4033223659546
505.07379684126124,219.41621268608688
496.00555309638355,215.67650977306076
486.04028052057,214.912839040123
476.70740152548046,211.54129178136594
468.4371214614585,205.96683260399857
458.7334376144407,203.8018762207032
448.7316834049378,203.83825285192586
438.7840553804636,204.7664049227909
428.8569153727216,205.9946153105517
418.9331110393609,207.2200752844783
408.98689980834695,208.30162457980222
398.99332771609977,208.6433884118789
390.19506116867035,204.68074345111856
385.6350231868771,195.82363703168937
377.14812434367036,190.78723395564353
367.35178008974503,188.89786052090125
357.3581563374921,188.95305024427486
347.5960797692553,190.95419782825755
338.7950042163428,195.5882024106531
333.2406850042692,203.71988523090153
333.20360580555325,213.61823256595198
336.1383982491563,223.16932594874095
339.01746501497314,232.7436328303174
342.0338973126475,242.27490010229133
346.0669306927265,251.4058064453584
353.74604430860563,257.28706649930297
363.4357042587558,255.42266948373413
372.3311572092852,250.8733916558882
382.11386465326507,250.2824646884646
390.38970031181776,255.70733135682804
396.9321213581171,263.2690878023246
403.14172201554845,271.09581817357576
410.4446612751739,277.8793058735526
419.99146752069333,279.8029561357271
429.5278098304475,276.98098522973254
439.2892695589745,278.6631374441123
447.9378660279509,283.65532570302497
455.67698223553225,289.9591685609043
463.1720314015421,296.585402326814
471.3083608981871,302.36215734717445
481.0669405817925,303.75920921171786
487.60555594770096,310.602546129597
483.27334602418443,318.94921925479787
473.7635624826045,321.7492534867116
463.7850103282053,321.73099207323986
453.78133014853205,321.28499372289525
443.7969340794519,321.0105214563665
433.8467122731972,321.8800509629865
424.0685941534475,324.02554162657833
414.4032716578242,326.5495361852647
404.8638319746297,329.54346573620114
395.6356304462903,333.3697066830845
386.78986488762865,338.0434208180477
378.0100791204252,342.8225997573976
370.9952553761747,349.1609863557668
379.95913784582837,353.52225017903737
388.5311412505244,358.6792471407821
396.66394257381523,364.48102149166175
405.0832314303515,369.6027300329787
414.9935256299001,370.7197527916602
424.9719595214722,370.0730165629556
434.6659017103705,367.7393032947924
443.964741001725,364.0878361564876
452.99607239214095,359.78026904445505
451.9500276553907,355.2081522674394
442.97029938978926,350.81168592239624
433.3487636716568,348.27342028311466
423.3936759188745,348.9086610736047
413.71331575076306,351.4035370981974
404.5061069679234,355.2895329047834
395.8729662531518,360.25549422943044
397.4010629336812,354.2925592613687
406.20003419938695,349.57450233328746
415.64718774193864,346.3351040990372
425.5843668460843,345.5412594270707
435.404106745914,347.2562395779684
444.74284287728335,350.81253006137916
453.7571884230056,355.12840119647797
460.1644246452299,359.6638502568752
454.3722078890741,367.70548806209166
446.08473211065836,373.2321741348412
436.5681991056268,376.22777820247114
426.6106360819666,376.7958903415404
416.6699905981865,375.80106549851604
406.83281077812205,373.97482012849053
397.0532894221236,371.9043077688816
398.3729650651253,376.297476317176
406.5834410353456,381.8574750925811
414.59089433655936,387.8701358025403
422.2571897293158,394.29409271309163
429.8560128941791,400.78380508172563
437.9667283129596,406.61843346329414
447.20440333843203,410.30375908851636
457.15746494710413,410.5334450256825
466.70897662526227,407.7130476806923
475.4492909876999,402.87525561042145
483.7061775839442,397.22410892403576
491.7056209819053,391.2254144073114
499.6440372635849,385.1352580898001
507.7255792544118,379.2774690580088
516.5581749854024,374.65000360563056
522.1319214452112,380.506247509193
520.9723586088415,390.40546264231216
518.3342209636016,400.0468694889041
514.7403103545479,409.37930459289703
510.38665406527184,418.3870698563929
505.36012211965465,427.01435226781985
499.6534148856249,435.22907500050974
493.2498437499996,442.9010937500001
486.07726825126997,449.86689552754757
478.07118327484534,455.831764837706
469.37065342982976,460.76150130559193
461.20330078848605,466.51925027568836
453.8403526404404,473.28158120441265
445.1635324454804,474.5178796143261
438.2328183953939,467.33116153315024
431.76558602114,459.6906611728384
424.87767714976826,452.4445731847286
417.5630481861953,445.6493150180038
409.85106309890716,439.28882055282605
401.73009174664935,433.45110996228186
392.88124695342003,428.9158770034091
397.5512659566473,436.7031727093844
402.6640121117231,445.27086771012296
402.17058676522186,454.7416687130079
393.4924729549975,459.3878686304485
383.59138085172475,458.68993324399935
374.12601715609395,461.8700384484978
365.3816766357419,466.60999237060554
373.4288097600636,467.5586915296318
382.98171866962656,464.57362807817765
381.85065710362016,465.5485920112022
373.0733083564459,470.3571074343078
364.0854360676041,474.716854290485
354.44568323757466,477.0131905424782
346.59530358322854,471.00414514576096
338.16216248457283,465.7294249342476
328.42572777748074,466.31828357219706
318.9374320577082,466.03162825234244
315.7654509904977,456.709610720575
316.925609106938,446.90494542966144
325.2603289032631,442.55810167838945
335.1699530839917,443.7953216165305
345.07352464310793,445.12825759262785
354.6635340841018,442.743093967971
363.17934906005826,437.5248169708253
371.7894261295438,439.9918294209161
380.9787611770626,442.2410647058488
390.82766123525766,440.60663005634217
399.37920802038127,445.21285348278474
404.04532839626035,453.80456796623776
397.04923009496383,459.7566498793081
387.523476952165,462.80362906232483
378.5907903289791,467.2383679962159
375.15801676033027,475.6867131622323
380.69578124999964,483.9600390625001
383.1663400805738,493.6289056933113
378.46027088589926,501.69229288177576
368.83927156940996,504.14709232449775
358.8691993911282,504.35438534033494
349.5903805160519,507.92834194183354
340.6591242028024,512.4276368475706
331.2534044814852,515.7205499470981
335.9497316686061,517.6801294621757
345.93962946556474,517.5045956747492
355.6299434113499,515.2558087027074
365.35033411264385,513.2254088079931
375.3266313076016,513.5710036611558
384.02927172556485,508.98127709426
393.9615691578385,508.0852914154532
403.95926017193784,507.63412976235867
413.8902970466038,506.6343617332566
423.7353458702561,504.86603368878383
433.0168387818333,501.33782111406344
424.06488602143213,499.3833209357273
414.0809924292561,499.0473157763483
404.09170884627815,498.41535447035005
394.13451246306266,497.9286691635849
384.3539757287499,499.9317175436022
374.94514653826093,503.3312954489143
365.3229055487175,506.006740674358
355.70154049821394,508.7671639256484
346.95995735106953,513.4337933073008
347.1409289441255,522.6887214261295
351.5482051151895,531.0583372580262
360.7925989962366,534.8161310425681
370.65680780164865,536.2715081566295
380.62798082895546,535.5404667800201
390.47780223846405,534.1085624313356
399.5571606455379,529.9461933811488
407.97119399964777,524.540591234565
415.98716951370204,518.5789157724382
422.965091705322,511.455877876282
429.8802893227336,509.60139325261133
422.8943649052378,516.723552771476
415.2721864561454,523.2200790914709
407.4264817196651,529.3686291639114
399.27921798901593,535.1909450434057
390.04959282517405,538.9531797331573
380.20097264328706,540.6023653264357
370.21422244322684,541.1890492365545
360.2443748557564,541.7462878614666
368.4509656757113,546.0438169513644
377.60334630496766,550.0565995016883
387.2358520507809,551.9227130126956
394.3008526869522,545.2125472370061
399.4361557235472,536.6377671819463
406.0277588734493,540.4814039060733
411.10469164855743,549.0913340338882
418.0815792465206,556.1936487674717
426.9650034943767,560.6952844226832
436.7500432390064,562.6093382289613
446.7496489792511,562.7916125054463
456.7280343280787,562.0698894768154
466.66076815809083,560.918879341828
476.16102020263634,561.8683645629886
471.0282094880934,570.1267459163819
463.75008390931083,576.9977464784606
456.0231679842541,583.3282522464293
447.99442150845624,589.2818193349863
439.7018392954897,594.8839105315833
431.16848974042995,600.0770287493818
422.3176238524112,604.7664481838419
413.1174355985389,608.645061690654
403.402215481878,610.9031517613647
393.4269172428451,611.6773529264149
383.4465888439034,611.902098683699
373.9362307383384,609.0645969611946
365.69364315321354,603.4175103219546
358.2481826637616,596.7496098247224
351.223992469129,589.6266822123843
344.3774914381476,582.3381705712445
337.52363942958027,575.0658086118829
331.1546614934966,571.3667877526398
335.5975981733007,580.2688092002155
341.5298696355838,588.304868907415
348.4613309894516,595.5122350508294
356.2259036473641,601.7888324984721
364.78032577383004,606.9860618882933
373.9820759463306,610.834590378404
383.7078351516645,613.0900927076585
393.70264297455503,613.537129536644
403.6442542013899,612.5875264078683
413.5335038715007,611.0885931336078
423.2532823290717,608.7499044724317
432.61085599377054,605.2502695856572
441.38766113758044,600.497715172768
449.5339907708667,594.6986452957526
457.13953415393786,588.19417986393
464.34508887125673,581.2706653678597
471.50818458056455,574.2773475845996
478.9065121911093,567.5560912146984
486.44133139067674,560.9972996560886
494.0035424327341,554.4564629299543
501.45254433282605,547.7810844314661
508.62052571222955,540.8124857991495
515.3211897041923,533.3943930281888
521.350607052356,525.4071776371543
526.4927088933714,516.8408905799877
530.675312201929,507.761786544921
534.3302347524718,498.46237291696065
537.7200757019085,489.0394219561049
540.929705056167,479.579408253904
544.0334107757503,470.07756162044
547.0851523625743,460.55372596428657
550.1548922333678,451.0393443206121
553.4550210034715,441.60214658965043
556.0377615677284,443.858536995808
557.7636404418942,453.7004214477543
560.1990058968806,463.40580559528354
562.8744003217,473.0395225652253
565.5769518745191,482.6611938729908
568.0984352211185,492.3520136774987
569.9184815959908,502.17305131427054
568.4181252716024,511.9544909441138
565.6843675471866,521.5810756883961
562.8080502275292,531.1606822843888
559.7823755386048,540.6912530717265
556.5876251893972,550.160274200463
553.1818205112298,559.5696950135947
549.5132711153567,568.8731155455396
545.4805162981411,578.0220710175631
540.8845711695272,586.9060691600419
535.2652719134741,595.1453662676928
528.7409171938461,602.7414869740493
522.0547843314044,610.174729525362
515.2941026168531,617.5330474217479
508.4933470367769,624.8630209933956
501.68037137593234,632.19002550231
494.88904093225625,639.5279624787954
488.1442895952888,646.9125988068249
481.5079789291422,654.384522101835
475.1157080779048,662.0817839357567
469.22204303642235,670.1441613091067
462.3497016826269,677.4022026091818
458.8400487658378,686.4733648008112
461.4395287072654,696.0826944486801
464.98823917672007,705.4102917004194
463.38687262549956,714.9125711062741
457.86879547119105,723.2296905517584
451.4291976017407,730.8879083336708
444.4355144601032,738.0282015238148
437.26803429268267,744.9990614824001
442.77696891988603,742.2409747091501
450.7306344339301,736.2736290769675
458.33536324655734,729.7832269079383
465.72559557437864,723.043496537209
472.97500081539124,716.1553365468983
480.1218905752031,709.1713339359351
487.2002389179854,702.1130524639079
494.2366692869379,694.9914866481971
501.22912252763456,687.8378263872626
508.19079321944014,680.6640707081399
515.1410675519469,673.4757958710909
522.092530242493,666.2911342991054
529.0748837214798,659.1279730018325
535.9050975190116,651.821941326089
542.0624975500252,643.96392317161
547.7432536676267,635.7203794857593
553.0445229578014,627.2407899379733
558.0451865559447,618.5750275175646
562.7767423493273,609.778376499532
567.277996416088,600.8435978769677
571.5479301389973,591.8007754684115
575.5844191890786,582.6455036237086
579.352428818784,573.3949303522043
582.800531602157,564.0036349815321
585.7592642784708,554.4530233035449
587.1409570312496,544.5836328125005
585.8325272767527,534.6959834333463
582.184132981896,525.4058263933663
576.7810709184405,517.0107820069793
577.634406738281,515.1950830078129
586.9675360510496,518.7821913565699
596.4302043010466,521.9846373076941
605.8905814530697,525.244391780943
615.5373664140055,527.8252230189124
625.2258059907397,530.29628525517
634.8938624362644,532.869445037097
644.5220812331065,535.5375237105251
654.135635055858,538.3126023374074
663.7080874839053,541.1968463358148
673.2516046118043,544.208280674786
682.7464165545952,547.3608768733151
692.1698895821181,550.6746510831293
701.537829718638,554.1953175622555
710.7902186154686,557.9599525503003
719.9207921125544,562.0612859949797
728.813732897333,566.613994629429
737.3089703285187,571.875310102272
745.0625199851783,578.1823085741656
752.9789488616233,584.3012729319229
761.1925678365944,589.9991253030905
769.6045382770086,595.4172545678216
778.126424483978,600.6394138326621
786.7161008477393,605.7461334406913
795.3380948435698,610.806186003513
803.9563692797229,615.8853318431114
812.5271033968027,621.0543908112872
820.9836177575584,626.3965373602512
829.2369090231293,632.0378177542154
837.1181227706904,638.1818188759601
844.219304248263,645.2043741968905
849.6661212228129,653.5819725386732
854.0689467788745,662.5442876172733
857.9581238755156,671.7603016247135
861.5169313408506,681.1143144084062
864.8334212123988,690.5471772881634
867.9618145565076,700.037592440236
870.9371613584618,709.5793268630929
873.7822811402027,719.1719431438524
876.5055432420943,728.795921088786
879.1143787906742,738.4506815394342
881.6096671321393,748.1348303108404
883.9853226982382,757.8486072031421
886.2247884750025,767.596566514897
888.287828715115,777.3846221462998
890.0617811607531,787.2235685363703
891.4316299269433,797.1244857682626
893.0951878228465,806.9743203647054
894.9235728589091,816.8158522036763
896.6902553779628,826.6507361777875
898.0972753766641,836.5621688893348
898.41059510646,846.5374526539343
894.0676104757279,855.0078401834521
890.2857323640582,863.6409324216846
892.1075573948767,873.4636163789037
894.0966551967624,883.2520370936489
895.3452038286715,893.1778021757867
895.5931230626277,903.1723585155482
895.3596371170296,913.1615134273056
894.9379708554312,923.1538835878488
894.446386608871,933.1385776715845
893.9492411786018,943.1356664203647
893.4918495007879,953.1264745135794
893.1089567524178,963.1215209236489
892.8325716398697,973.1144579532663
892.6942701914618,983.1189100652496
892.7290338225112,993.1209895163661
892.9765570421267,1003.1082542247506
893.4864996583815,1013.0991243624353
894.319022488232,1023.0567070954193
895.4615881396209,1032.9915827323885
896.8938868980852,1042.89539258875
898.6425148984919,1052.7319553290615
900.7614940664004,1062.5062558729737
903.3435484647747,1072.1659124231342
899.3854384316473,1063.0917136026187
